--- Truth Table for 3 Inputs ---
In0 In1 In2 | AND | OR  | XOR
------------------------------
0   0   0   | 0   | 0   | 0  
0   0   1   | 0   | 15  | 15 
0   1   0   | 0   | 15  | 15 
0   1   1   | 0   | 15  | 0  
1   0   0   | 0   | 15  | 15 
1   0   1   | 0   | 15  | 0  
1   1   0   | 0   | 15  | 0  
1   1   1   | 15  | 15  | 0  

--- Truth Table for 4 Inputs ---
In0 In1 In2 In3 | AND | OR  | XOR
----------------------------------
0   0   0   0   | 0   | 0   | 0  
0   0   0   1   | 0   | 15  | 15 
0   0   1   0   | 0   | 15  | 15 
0   0   1   1   | 0   | 15  | 0  
0   1   0   0   | 0   | 15  | 15 
0   1   0   1   | 0   | 15  | 0  
0   1   1   0   | 0   | 15  | 0  
0   1   1   1   | 0   | 15  | 0  
1   0   0   0   | 0   | 15  | 15 
1   0   0   1   | 0   | 15  | 0  
1   0   1   0   | 0   | 15  | 0  
1   0   1   1   | 0   | 15  | 0  
1   1   0   0   | 0   | 15  | 0  
1   1   0   1   | 0   | 15  | 0  
1   1   1   0   | 0   | 15  | 0  
1   1   1   1   | 15  | 15  | 0  

--- Truth Table for 5 Inputs ---
In0 In1 In2 In3 In4 | AND | OR  | XOR
--------------------------------------
0   0   0   0   0   | 0   | 0   | 0  
0   0   0   0   1   | 0   | 15  | 15 
0   0   0   1   0   | 0   | 15  | 15 
0   0   0   1   1   | 0   | 15  | 0  
0   0   1   0   0   | 0   | 15  | 15 
0   0   1   0   1   | 0   | 15  | 0  
0   0   1   1   0   | 0   | 15  | 0  
0   0   1   1   1   | 0   | 15  | 0  
0   1   0   0   0   | 0   | 15  | 15 
0   1   0   0   1   | 0   | 15  | 0  
0   1   0   1   0   | 0   | 15  | 0  
0   1   0   1   1   | 0   | 15  | 0  
0   1   1   0   0   | 0   | 15  | 0  
0   1   1   0   1   | 0   | 15  | 0  
0   1   1   1   0   | 0   | 15  | 0  
0   1   1   1   1   | 0   | 15  | 0  
1   0   0   0   0   | 0   | 15  | 15 
1   0   0   0   1   | 0   | 15  | 0  
1   0   0   1   0   | 0   | 15  | 0  
1   0   0   1   1   | 0   | 15  | 0  
1   0   1   0   0   | 0   | 15  | 0  
1   0   1   0   1   | 0   | 15  | 0  
1   0   1   1   0   | 0   | 15  | 0  
1   0   1   1   1   | 0   | 15  | 0  
1   1   0   0   0   | 0   | 15  | 0  
1   1   0   0   1   | 0   | 15  | 0  
1   1   0   1   0   | 0   | 15  | 0  
1   1   0   1   1   | 0   | 15  | 0  
1   1   1   0   0   | 0   | 15  | 0  
1   1   1   0   1   | 0   | 15  | 0  
1   1   1   1   0   | 0   | 15  | 0  
1   1   1   1   1   | 15  | 15  | 0  

--- Truth Table for 6 Inputs ---
In0 In1 In2 In3 In4 In5 | AND | OR  | XOR
------------------------------------------
0   0   0   0   0   0   | 0   | 0   | 0  
0   0   0   0   0   1   | 0   | 15  | 15 
0   0   0   0   1   0   | 0   | 15  | 15 
0   0   0   0   1   1   | 0   | 15  | 0  
0   0   0   1   0   0   | 0   | 15  | 15 
0   0   0   1   0   1   | 0   | 15  | 0  
0   0   0   1   1   0   | 0   | 15  | 0  
0   0   0   1   1   1   | 0   | 15  | 0  
0   0   1   0   0   0   | 0   | 15  | 15 
0   0   1   0   0   1   | 0   | 15  | 0  
0   0   1   0   1   0   | 0   | 15  | 0  
0   0   1   0   1   1   | 0   | 15  | 0  
0   0   1   1   0   0   | 0   | 15  | 0  
0   0   1   1   0   1   | 0   | 15  | 0  
0   0   1   1   1   0   | 0   | 15  | 0  
0   0   1   1   1   1   | 0   | 15  | 0  
0   1   0   0   0   0   | 0   | 15  | 15 
0   1   0   0   0   1   | 0   | 15  | 0  
0   1   0   0   1   0   | 0   | 15  | 0  
0   1   0   0   1   1   | 0   | 15  | 0  
0   1   0   1   0   0   | 0   | 15  | 0  
0   1   0   1   0   1   | 0   | 15  | 0  
0   1   0   1   1   0   | 0   | 15  | 0  
0   1   0   1   1   1   | 0   | 15  | 0  
0   1   1   0   0   0   | 0   | 15  | 0  
0   1   1   0   0   1   | 0   | 15  | 0  
0   1   1   0   1   0   | 0   | 15  | 0  
0   1   1   0   1   1   | 0   | 15  | 0  
0   1   1   1   0   0   | 0   | 15  | 0  
0   1   1   1   0   1   | 0   | 15  | 0  
0   1   1   1   1   0   | 0   | 15  | 0  
0   1   1   1   1   1   | 0   | 15  | 0  
1   0   0   0   0   0   | 0   | 15  | 15 
1   0   0   0   0   1   | 0   | 15  | 0  
1   0   0   0   1   0   | 0   | 15  | 0  
1   0   0   0   1   1   | 0   | 15  | 0  
1   0   0   1   0   0   | 0   | 15  | 0  
1   0   0   1   0   1   | 0   | 15  | 0  
1   0   0   1   1   0   | 0   | 15  | 0  
1   0   0   1   1   1   | 0   | 15  | 0  
1   0   1   0   0   0   | 0   | 15  | 0  
1   0   1   0   0   1   | 0   | 15  | 0  
1   0   1   0   1   0   | 0   | 15  | 0  
1   0   1   0   1   1   | 0   | 15  | 0  
1   0   1   1   0   0   | 0   | 15  | 0  
1   0   1   1   0   1   | 0   | 15  | 0  
1   0   1   1   1   0   | 0   | 15  | 0  
1   0   1   1   1   1   | 0   | 15  | 0  
1   1   0   0   0   0   | 0   | 15  | 0  
1   1   0   0   0   1   | 0   | 15  | 0  
1   1   0   0   1   0   | 0   | 15  | 0  
1   1   0   0   1   1   | 0   | 15  | 0  
1   1   0   1   0   0   | 0   | 15  | 0  
1   1   0   1   0   1   | 0   | 15  | 0  
1   1   0   1   1   0   | 0   | 15  | 0  
1   1   0   1   1   1   | 0   | 15  | 0  
1   1   1   0   0   0   | 0   | 15  | 0  
1   1   1   0   0   1   | 0   | 15  | 0  
1   1   1   0   1   0   | 0   | 15  | 0  
1   1   1   0   1   1   | 0   | 15  | 0  
1   1   1   1   0   0   | 0   | 15  | 0  
1   1   1   1   0   1   | 0   | 15  | 0  
1   1   1   1   1   0   | 0   | 15  | 0  
1   1   1   1   1   1   | 15  | 15  | 0  

--- Truth Table for 7 Inputs ---
In0 In1 In2 In3 In4 In5 In6 | AND | OR  | XOR
----------------------------------------------
0   0   0   0   0   0   0   | 0   | 0   | 0  
0   0   0   0   0   0   1   | 0   | 15  | 15 
0   0   0   0   0   1   0   | 0   | 15  | 15 
0   0   0   0   0   1   1   | 0   | 15  | 0  
0   0   0   0   1   0   0   | 0   | 15  | 15 
0   0   0   0   1   0   1   | 0   | 15  | 0  
0   0   0   0   1   1   0   | 0   | 15  | 0  
0   0   0   0   1   1   1   | 0   | 15  | 0  
0   0   0   1   0   0   0   | 0   | 15  | 15 
0   0   0   1   0   0   1   | 0   | 15  | 0  
0   0   0   1   0   1   0   | 0   | 15  | 0  
0   0   0   1   0   1   1   | 0   | 15  | 0  
0   0   0   1   1   0   0   | 0   | 15  | 0  
0   0   0   1   1   0   1   | 0   | 15  | 0  
0   0   0   1   1   1   0   | 0   | 15  | 0  
0   0   0   1   1   1   1   | 0   | 15  | 0  
0   0   1   0   0   0   0   | 0   | 15  | 15 
0   0   1   0   0   0   1   | 0   | 15  | 0  
0   0   1   0   0   1   0   | 0   | 15  | 0  
0   0   1   0   0   1   1   | 0   | 15  | 0  
0   0   1   0   1   0   0   | 0   | 15  | 0  
0   0   1   0   1   0   1   | 0   | 15  | 0  
0   0   1   0   1   1   0   | 0   | 15  | 0  
0   0   1   0   1   1   1   | 0   | 15  | 0  
0   0   1   1   0   0   0   | 0   | 15  | 0  
0   0   1   1   0   0   1   | 0   | 15  | 0  
0   0   1   1   0   1   0   | 0   | 15  | 0  
0   0   1   1   0   1   1   | 0   | 15  | 0  
0   0   1   1   1   0   0   | 0   | 15  | 0  
0   0   1   1   1   0   1   | 0   | 15  | 0  
0   0   1   1   1   1   0   | 0   | 15  | 0  
0   0   1   1   1   1   1   | 0   | 15  | 0  
0   1   0   0   0   0   0   | 0   | 15  | 15 
0   1   0   0   0   0   1   | 0   | 15  | 0  
0   1   0   0   0   1   0   | 0   | 15  | 0  
0   1   0   0   0   1   1   | 0   | 15  | 0  
0   1   0   0   1   0   0   | 0   | 15  | 0  
0   1   0   0   1   0   1   | 0   | 15  | 0  
0   1   0   0   1   1   0   | 0   | 15  | 0  
0   1   0   0   1   1   1   | 0   | 15  | 0  
0   1   0   1   0   0   0   | 0   | 15  | 0  
0   1   0   1   0   0   1   | 0   | 15  | 0  
0   1   0   1   0   1   0   | 0   | 15  | 0  
0   1   0   1   0   1   1   | 0   | 15  | 0  
0   1   0   1   1   0   0   | 0   | 15  | 0  
0   1   0   1   1   0   1   | 0   | 15  | 0  
0   1   0   1   1   1   0   | 0   | 15  | 0  
0   1   0   1   1   1   1   | 0   | 15  | 0  
0   1   1   0   0   0   0   | 0   | 15  | 0  
0   1   1   0   0   0   1   | 0   | 15  | 0  
0   1   1   0   0   1   0   | 0   | 15  | 0  
0   1   1   0   0   1   1   | 0   | 15  | 0  
0   1   1   0   1   0   0   | 0   | 15  | 0  
0   1   1   0   1   0   1   | 0   | 15  | 0  
0   1   1   0   1   1   0   | 0   | 15  | 0  
0   1   1   0   1   1   1   | 0   | 15  | 0  
0   1   1   1   0   0   0   | 0   | 15  | 0  
0   1   1   1   0   0   1   | 0   | 15  | 0  
0   1   1   1   0   1   0   | 0   | 15  | 0  
0   1   1   1   0   1   1   | 0   | 15  | 0  
0   1   1   1   1   0   0   | 0   | 15  | 0  
0   1   1   1   1   0   1   | 0   | 15  | 0  
0   1   1   1   1   1   0   | 0   | 15  | 0  
0   1   1   1   1   1   1   | 0   | 15  | 0  
1   0   0   0   0   0   0   | 0   | 15  | 15 
1   0   0   0   0   0   1   | 0   | 15  | 0  
1   0   0   0   0   1   0   | 0   | 15  | 0  
1   0   0   0   0   1   1   | 0   | 15  | 0  
1   0   0   0   1   0   0   | 0   | 15  | 0  
1   0   0   0   1   0   1   | 0   | 15  | 0  
1   0   0   0   1   1   0   | 0   | 15  | 0  
1   0   0   0   1   1   1   | 0   | 15  | 0  
1   0   0   1   0   0   0   | 0   | 15  | 0  
1   0   0   1   0   0   1   | 0   | 15  | 0  
1   0   0   1   0   1   0   | 0   | 15  | 0  
1   0   0   1   0   1   1   | 0   | 15  | 0  
1   0   0   1   1   0   0   | 0   | 15  | 0  
1   0   0   1   1   0   1   | 0   | 15  | 0  
1   0   0   1   1   1   0   | 0   | 15  | 0  
1   0   0   1   1   1   1   | 0   | 15  | 0  
1   0   1   0   0   0   0   | 0   | 15  | 0  
1   0   1   0   0   0   1   | 0   | 15  | 0  
1   0   1   0   0   1   0   | 0   | 15  | 0  
1   0   1   0   0   1   1   | 0   | 15  | 0  
1   0   1   0   1   0   0   | 0   | 15  | 0  
1   0   1   0   1   0   1   | 0   | 15  | 0  
1   0   1   0   1   1   0   | 0   | 15  | 0  
1   0   1   0   1   1   1   | 0   | 15  | 0  
1   0   1   1   0   0   0   | 0   | 15  | 0  
1   0   1   1   0   0   1   | 0   | 15  | 0  
1   0   1   1   0   1   0   | 0   | 15  | 0  
1   0   1   1   0   1   1   | 0   | 15  | 0  
1   0   1   1   1   0   0   | 0   | 15  | 0  
1   0   1   1   1   0   1   | 0   | 15  | 0  
1   0   1   1   1   1   0   | 0   | 15  | 0  
1   0   1   1   1   1   1   | 0   | 15  | 0  
1   1   0   0   0   0   0   | 0   | 15  | 0  
1   1   0   0   0   0   1   | 0   | 15  | 0  
1   1   0   0   0   1   0   | 0   | 15  | 0  
1   1   0   0   0   1   1   | 0   | 15  | 0  
1   1   0   0   1   0   0   | 0   | 15  | 0  
1   1   0   0   1   0   1   | 0   | 15  | 0  
1   1   0   0   1   1   0   | 0   | 15  | 0  
1   1   0   0   1   1   1   | 0   | 15  | 0  
1   1   0   1   0   0   0   | 0   | 15  | 0  
1   1   0   1   0   0   1   | 0   | 15  | 0  
1   1   0   1   0   1   0   | 0   | 15  | 0  
1   1   0   1   0   1   1   | 0   | 15  | 0  
1   1   0   1   1   0   0   | 0   | 15  | 0  
1   1   0   1   1   0   1   | 0   | 15  | 0  
1   1   0   1   1   1   0   | 0   | 15  | 0  
1   1   0   1   1   1   1   | 0   | 15  | 0  
1   1   1   0   0   0   0   | 0   | 15  | 0  
1   1   1   0   0   0   1   | 0   | 15  | 0  
1   1   1   0   0   1   0   | 0   | 15  | 0  
1   1   1   0   0   1   1   | 0   | 15  | 0  
1   1   1   0   1   0   0   | 0   | 15  | 0  
1   1   1   0   1   0   1   | 0   | 15  | 0  
1   1   1   0   1   1   0   | 0   | 15  | 0  
1   1   1   0   1   1   1   | 0   | 15  | 0  
1   1   1   1   0   0   0   | 0   | 15  | 0  
1   1   1   1   0   0   1   | 0   | 15  | 0  
1   1   1   1   0   1   0   | 0   | 15  | 0  
1   1   1   1   0   1   1   | 0   | 15  | 0  
1   1   1   1   1   0   0   | 0   | 15  | 0  
1   1   1   1   1   0   1   | 0   | 15  | 0  
1   1   1   1   1   1   0   | 0   | 15  | 0  
1   1   1   1   1   1   1   | 15  | 15  | 0  

--- Truth Table for 8 Inputs ---
In0 In1 In2 In3 In4 In5 In6 In7 | AND | OR  | XOR
--------------------------------------------------
0   0   0   0   0   0   0   0   | 0   | 0   | 0  
0   0   0   0   0   0   0   1   | 0   | 15  | 15 
0   0   0   0   0   0   1   0   | 0   | 15  | 15 
0   0   0   0   0   0   1   1   | 0   | 15  | 0  
0   0   0   0   0   1   0   0   | 0   | 15  | 15 
0   0   0   0   0   1   0   1   | 0   | 15  | 0  
0   0   0   0   0   1   1   0   | 0   | 15  | 0  
0   0   0   0   0   1   1   1   | 0   | 15  | 0  
0   0   0   0   1   0   0   0   | 0   | 15  | 15 
0   0   0   0   1   0   0   1   | 0   | 15  | 0  
0   0   0   0   1   0   1   0   | 0   | 15  | 0  
0   0   0   0   1   0   1   1   | 0   | 15  | 0  
0   0   0   0   1   1   0   0   | 0   | 15  | 0  
0   0   0   0   1   1   0   1   | 0   | 15  | 0  
0   0   0   0   1   1   1   0   | 0   | 15  | 0  
0   0   0   0   1   1   1   1   | 0   | 15  | 0  
0   0   0   1   0   0   0   0   | 0   | 15  | 15 
0   0   0   1   0   0   0   1   | 0   | 15  | 0  
0   0   0   1   0   0   1   0   | 0   | 15  | 0  
0   0   0   1   0   0   1   1   | 0   | 15  | 0  
0   0   0   1   0   1   0   0   | 0   | 15  | 0  
0   0   0   1   0   1   0   1   | 0   | 15  | 0  
0   0   0   1   0   1   1   0   | 0   | 15  | 0  
0   0   0   1   0   1   1   1   | 0   | 15  | 0  
0   0   0   1   1   0   0   0   | 0   | 15  | 0  
0   0   0   1   1   0   0   1   | 0   | 15  | 0  
0   0   0   1   1   0   1   0   | 0   | 15  | 0  
0   0   0   1   1   0   1   1   | 0   | 15  | 0  
0   0   0   1   1   1   0   0   | 0   | 15  | 0  
0   0   0   1   1   1   0   1   | 0   | 15  | 0  
0   0   0   1   1   1   1   0   | 0   | 15  | 0  
0   0   0   1   1   1   1   1   | 0   | 15  | 0  
0   0   1   0   0   0   0   0   | 0   | 15  | 15 
0   0   1   0   0   0   0   1   | 0   | 15  | 0  
0   0   1   0   0   0   1   0   | 0   | 15  | 0  
0   0   1   0   0   0   1   1   | 0   | 15  | 0  
0   0   1   0   0   1   0   0   | 0   | 15  | 0  
0   0   1   0   0   1   0   1   | 0   | 15  | 0  
0   0   1   0   0   1   1   0   | 0   | 15  | 0  
0   0   1   0   0   1   1   1   | 0   | 15  | 0  
0   0   1   0   1   0   0   0   | 0   | 15  | 0  
0   0   1   0   1   0   0   1   | 0   | 15  | 0  
0   0   1   0   1   0   1   0   | 0   | 15  | 0  
0   0   1   0   1   0   1   1   | 0   | 15  | 0  
0   0   1   0   1   1   0   0   | 0   | 15  | 0  
0   0   1   0   1   1   0   1   | 0   | 15  | 0  
0   0   1   0   1   1   1   0   | 0   | 15  | 0  
0   0   1   0   1   1   1   1   | 0   | 15  | 0  
0   0   1   1   0   0   0   0   | 0   | 15  | 0  
0   0   1   1   0   0   0   1   | 0   | 15  | 0  
0   0   1   1   0   0   1   0   | 0   | 15  | 0  
0   0   1   1   0   0   1   1   | 0   | 15  | 0  
0   0   1   1   0   1   0   0   | 0   | 15  | 0  
0   0   1   1   0   1   0   1   | 0   | 15  | 0  
0   0   1   1   0   1   1   0   | 0   | 15  | 0  
0   0   1   1   0   1   1   1   | 0   | 15  | 0  
0   0   1   1   1   0   0   0   | 0   | 15  | 0  
0   0   1   1   1   0   0   1   | 0   | 15  | 0  
0   0   1   1   1   0   1   0   | 0   | 15  | 0  
0   0   1   1   1   0   1   1   | 0   | 15  | 0  
0   0   1   1   1   1   0   0   | 0   | 15  | 0  
0   0   1   1   1   1   0   1   | 0   | 15  | 0  
0   0   1   1   1   1   1   0   | 0   | 15  | 0  
0   0   1   1   1   1   1   1   | 0   | 15  | 0  
0   1   0   0   0   0   0   0   | 0   | 15  | 15 
0   1   0   0   0   0   0   1   | 0   | 15  | 0  
0   1   0   0   0   0   1   0   | 0   | 15  | 0  
0   1   0   0   0   0   1   1   | 0   | 15  | 0  
0   1   0   0   0   1   0   0   | 0   | 15  | 0  
0   1   0   0   0   1   0   1   | 0   | 15  | 0  
0   1   0   0   0   1   1   0   | 0   | 15  | 0  
0   1   0   0   0   1   1   1   | 0   | 15  | 0  
0   1   0   0   1   0   0   0   | 0   | 15  | 0  
0   1   0   0   1   0   0   1   | 0   | 15  | 0  
0   1   0   0   1   0   1   0   | 0   | 15  | 0  
0   1   0   0   1   0   1   1   | 0   | 15  | 0  
0   1   0   0   1   1   0   0   | 0   | 15  | 0  
0   1   0   0   1   1   0   1   | 0   | 15  | 0  
0   1   0   0   1   1   1   0   | 0   | 15  | 0  
0   1   0   0   1   1   1   1   | 0   | 15  | 0  
0   1   0   1   0   0   0   0   | 0   | 15  | 0  
0   1   0   1   0   0   0   1   | 0   | 15  | 0  
0   1   0   1   0   0   1   0   | 0   | 15  | 0  
0   1   0   1   0   0   1   1   | 0   | 15  | 0  
0   1   0   1   0   1   0   0   | 0   | 15  | 0  
0   1   0   1   0   1   0   1   | 0   | 15  | 0  
0   1   0   1   0   1   1   0   | 0   | 15  | 0  
0   1   0   1   0   1   1   1   | 0   | 15  | 0  
0   1   0   1   1   0   0   0   | 0   | 15  | 0  
0   1   0   1   1   0   0   1   | 0   | 15  | 0  
0   1   0   1   1   0   1   0   | 0   | 15  | 0  
0   1   0   1   1   0   1   1   | 0   | 15  | 0  
0   1   0   1   1   1   0   0   | 0   | 15  | 0  
0   1   0   1   1   1   0   1   | 0   | 15  | 0  
0   1   0   1   1   1   1   0   | 0   | 15  | 0  
0   1   0   1   1   1   1   1   | 0   | 15  | 0  
0   1   1   0   0   0   0   0   | 0   | 15  | 0  
0   1   1   0   0   0   0   1   | 0   | 15  | 0  
0   1   1   0   0   0   1   0   | 0   | 15  | 0  
0   1   1   0   0   0   1   1   | 0   | 15  | 0  
0   1   1   0   0   1   0   0   | 0   | 15  | 0  
0   1   1   0   0   1   0   1   | 0   | 15  | 0  
0   1   1   0   0   1   1   0   | 0   | 15  | 0  
0   1   1   0   0   1   1   1   | 0   | 15  | 0  
0   1   1   0   1   0   0   0   | 0   | 15  | 0  
0   1   1   0   1   0   0   1   | 0   | 15  | 0  
0   1   1   0   1   0   1   0   | 0   | 15  | 0  
0   1   1   0   1   0   1   1   | 0   | 15  | 0  
0   1   1   0   1   1   0   0   | 0   | 15  | 0  
0   1   1   0   1   1   0   1   | 0   | 15  | 0  
0   1   1   0   1   1   1   0   | 0   | 15  | 0  
0   1   1   0   1   1   1   1   | 0   | 15  | 0  
0   1   1   1   0   0   0   0   | 0   | 15  | 0  
0   1   1   1   0   0   0   1   | 0   | 15  | 0  
0   1   1   1   0   0   1   0   | 0   | 15  | 0  
0   1   1   1   0   0   1   1   | 0   | 15  | 0  
0   1   1   1   0   1   0   0   | 0   | 15  | 0  
0   1   1   1   0   1   0   1   | 0   | 15  | 0  
0   1   1   1   0   1   1   0   | 0   | 15  | 0  
0   1   1   1   0   1   1   1   | 0   | 15  | 0  
0   1   1   1   1   0   0   0   | 0   | 15  | 0  
0   1   1   1   1   0   0   1   | 0   | 15  | 0  
0   1   1   1   1   0   1   0   | 0   | 15  | 0  
0   1   1   1   1   0   1   1   | 0   | 15  | 0  
0   1   1   1   1   1   0   0   | 0   | 15  | 0  
0   1   1   1   1   1   0   1   | 0   | 15  | 0  
0   1   1   1   1   1   1   0   | 0   | 15  | 0  
0   1   1   1   1   1   1   1   | 0   | 15  | 0  
1   0   0   0   0   0   0   0   | 0   | 15  | 15 
1   0   0   0   0   0   0   1   | 0   | 15  | 0  
1   0   0   0   0   0   1   0   | 0   | 15  | 0  
1   0   0   0   0   0   1   1   | 0   | 15  | 0  
1   0   0   0   0   1   0   0   | 0   | 15  | 0  
1   0   0   0   0   1   0   1   | 0   | 15  | 0  
1   0   0   0   0   1   1   0   | 0   | 15  | 0  
1   0   0   0   0   1   1   1   | 0   | 15  | 0  
1   0   0   0   1   0   0   0   | 0   | 15  | 0  
1   0   0   0   1   0   0   1   | 0   | 15  | 0  
1   0   0   0   1   0   1   0   | 0   | 15  | 0  
1   0   0   0   1   0   1   1   | 0   | 15  | 0  
1   0   0   0   1   1   0   0   | 0   | 15  | 0  
1   0   0   0   1   1   0   1   | 0   | 15  | 0  
1   0   0   0   1   1   1   0   | 0   | 15  | 0  
1   0   0   0   1   1   1   1   | 0   | 15  | 0  
1   0   0   1   0   0   0   0   | 0   | 15  | 0  
1   0   0   1   0   0   0   1   | 0   | 15  | 0  
1   0   0   1   0   0   1   0   | 0   | 15  | 0  
1   0   0   1   0   0   1   1   | 0   | 15  | 0  
1   0   0   1   0   1   0   0   | 0   | 15  | 0  
1   0   0   1   0   1   0   1   | 0   | 15  | 0  
1   0   0   1   0   1   1   0   | 0   | 15  | 0  
1   0   0   1   0   1   1   1   | 0   | 15  | 0  
1   0   0   1   1   0   0   0   | 0   | 15  | 0  
1   0   0   1   1   0   0   1   | 0   | 15  | 0  
1   0   0   1   1   0   1   0   | 0   | 15  | 0  
1   0   0   1   1   0   1   1   | 0   | 15  | 0  
1   0   0   1   1   1   0   0   | 0   | 15  | 0  
1   0   0   1   1   1   0   1   | 0   | 15  | 0  
1   0   0   1   1   1   1   0   | 0   | 15  | 0  
1   0   0   1   1   1   1   1   | 0   | 15  | 0  
1   0   1   0   0   0   0   0   | 0   | 15  | 0  
1   0   1   0   0   0   0   1   | 0   | 15  | 0  
1   0   1   0   0   0   1   0   | 0   | 15  | 0  
1   0   1   0   0   0   1   1   | 0   | 15  | 0  
1   0   1   0   0   1   0   0   | 0   | 15  | 0  
1   0   1   0   0   1   0   1   | 0   | 15  | 0  
1   0   1   0   0   1   1   0   | 0   | 15  | 0  
1   0   1   0   0   1   1   1   | 0   | 15  | 0  
1   0   1   0   1   0   0   0   | 0   | 15  | 0  
1   0   1   0   1   0   0   1   | 0   | 15  | 0  
1   0   1   0   1   0   1   0   | 0   | 15  | 0  
1   0   1   0   1   0   1   1   | 0   | 15  | 0  
1   0   1   0   1   1   0   0   | 0   | 15  | 0  
1   0   1   0   1   1   0   1   | 0   | 15  | 0  
1   0   1   0   1   1   1   0   | 0   | 15  | 0  
1   0   1   0   1   1   1   1   | 0   | 15  | 0  
1   0   1   1   0   0   0   0   | 0   | 15  | 0  
1   0   1   1   0   0   0   1   | 0   | 15  | 0  
1   0   1   1   0   0   1   0   | 0   | 15  | 0  
1   0   1   1   0   0   1   1   | 0   | 15  | 0  
1   0   1   1   0   1   0   0   | 0   | 15  | 0  
1   0   1   1   0   1   0   1   | 0   | 15  | 0  
1   0   1   1   0   1   1   0   | 0   | 15  | 0  
1   0   1   1   0   1   1   1   | 0   | 15  | 0  
1   0   1   1   1   0   0   0   | 0   | 15  | 0  
1   0   1   1   1   0   0   1   | 0   | 15  | 0  
1   0   1   1   1   0   1   0   | 0   | 15  | 0  
1   0   1   1   1   0   1   1   | 0   | 15  | 0  
1   0   1   1   1   1   0   0   | 0   | 15  | 0  
1   0   1   1   1   1   0   1   | 0   | 15  | 0  
1   0   1   1   1   1   1   0   | 0   | 15  | 0  
1   0   1   1   1   1   1   1   | 0   | 15  | 0  
1   1   0   0   0   0   0   0   | 0   | 15  | 0  
1   1   0   0   0   0   0   1   | 0   | 15  | 0  
1   1   0   0   0   0   1   0   | 0   | 15  | 0  
1   1   0   0   0   0   1   1   | 0   | 15  | 0  
1   1   0   0   0   1   0   0   | 0   | 15  | 0  
1   1   0   0   0   1   0   1   | 0   | 15  | 0  
1   1   0   0   0   1   1   0   | 0   | 15  | 0  
1   1   0   0   0   1   1   1   | 0   | 15  | 0  
1   1   0   0   1   0   0   0   | 0   | 15  | 0  
1   1   0   0   1   0   0   1   | 0   | 15  | 0  
1   1   0   0   1   0   1   0   | 0   | 15  | 0  
1   1   0   0   1   0   1   1   | 0   | 15  | 0  
1   1   0   0   1   1   0   0   | 0   | 15  | 0  
1   1   0   0   1   1   0   1   | 0   | 15  | 0  
1   1   0   0   1   1   1   0   | 0   | 15  | 0  
1   1   0   0   1   1   1   1   | 0   | 15  | 0  
1   1   0   1   0   0   0   0   | 0   | 15  | 0  
1   1   0   1   0   0   0   1   | 0   | 15  | 0  
1   1   0   1   0   0   1   0   | 0   | 15  | 0  
1   1   0   1   0   0   1   1   | 0   | 15  | 0  
1   1   0   1   0   1   0   0   | 0   | 15  | 0  
1   1   0   1   0   1   0   1   | 0   | 15  | 0  
1   1   0   1   0   1   1   0   | 0   | 15  | 0  
1   1   0   1   0   1   1   1   | 0   | 15  | 0  
1   1   0   1   1   0   0   0   | 0   | 15  | 0  
1   1   0   1   1   0   0   1   | 0   | 15  | 0  
1   1   0   1   1   0   1   0   | 0   | 15  | 0  
1   1   0   1   1   0   1   1   | 0   | 15  | 0  
1   1   0   1   1   1   0   0   | 0   | 15  | 0  
1   1   0   1   1   1   0   1   | 0   | 15  | 0  
1   1   0   1   1   1   1   0   | 0   | 15  | 0  
1   1   0   1   1   1   1   1   | 0   | 15  | 0  
1   1   1   0   0   0   0   0   | 0   | 15  | 0  
1   1   1   0   0   0   0   1   | 0   | 15  | 0  
1   1   1   0   0   0   1   0   | 0   | 15  | 0  
1   1   1   0   0   0   1   1   | 0   | 15  | 0  
1   1   1   0   0   1   0   0   | 0   | 15  | 0  
1   1   1   0   0   1   0   1   | 0   | 15  | 0  
1   1   1   0   0   1   1   0   | 0   | 15  | 0  
1   1   1   0   0   1   1   1   | 0   | 15  | 0  
1   1   1   0   1   0   0   0   | 0   | 15  | 0  
1   1   1   0   1   0   0   1   | 0   | 15  | 0  
1   1   1   0   1   0   1   0   | 0   | 15  | 0  
1   1   1   0   1   0   1   1   | 0   | 15  | 0  
1   1   1   0   1   1   0   0   | 0   | 15  | 0  
1   1   1   0   1   1   0   1   | 0   | 15  | 0  
1   1   1   0   1   1   1   0   | 0   | 15  | 0  
1   1   1   0   1   1   1   1   | 0   | 15  | 0  
1   1   1   1   0   0   0   0   | 0   | 15  | 0  
1   1   1   1   0   0   0   1   | 0   | 15  | 0  
1   1   1   1   0   0   1   0   | 0   | 15  | 0  
1   1   1   1   0   0   1   1   | 0   | 15  | 0  
1   1   1   1   0   1   0   0   | 0   | 15  | 0  
1   1   1   1   0   1   0   1   | 0   | 15  | 0  
1   1   1   1   0   1   1   0   | 0   | 15  | 0  
1   1   1   1   0   1   1   1   | 0   | 15  | 0  
1   1   1   1   1   0   0   0   | 0   | 15  | 0  
1   1   1   1   1   0   0   1   | 0   | 15  | 0  
1   1   1   1   1   0   1   0   | 0   | 15  | 0  
1   1   1   1   1   0   1   1   | 0   | 15  | 0  
1   1   1   1   1   1   0   0   | 0   | 15  | 0  
1   1   1   1   1   1   0   1   | 0   | 15  | 0  
1   1   1   1   1   1   1   0   | 0   | 15  | 0  
1   1   1   1   1   1   1   1   | 15  | 15  | 0  

--- Truth Table for 9 Inputs ---
In0 In1 In2 In3 In4 In5 In6 In7 In8 | AND | OR  | XOR
------------------------------------------------------
0   0   0   0   0   0   0   0   0   | 0   | 0   | 0  
0   0   0   0   0   0   0   0   1   | 0   | 15  | 15 
0   0   0   0   0   0   0   1   0   | 0   | 15  | 15 
0   0   0   0   0   0   0   1   1   | 0   | 15  | 0  
0   0   0   0   0   0   1   0   0   | 0   | 15  | 15 
0   0   0   0   0   0   1   0   1   | 0   | 15  | 0  
0   0   0   0   0   0   1   1   0   | 0   | 15  | 0  
0   0   0   0   0   0   1   1   1   | 0   | 15  | 0  
0   0   0   0   0   1   0   0   0   | 0   | 15  | 15 
0   0   0   0   0   1   0   0   1   | 0   | 15  | 0  
0   0   0   0   0   1   0   1   0   | 0   | 15  | 0  
0   0   0   0   0   1   0   1   1   | 0   | 15  | 0  
0   0   0   0   0   1   1   0   0   | 0   | 15  | 0  
0   0   0   0   0   1   1   0   1   | 0   | 15  | 0  
0   0   0   0   0   1   1   1   0   | 0   | 15  | 0  
0   0   0   0   0   1   1   1   1   | 0   | 15  | 0  
0   0   0   0   1   0   0   0   0   | 0   | 15  | 15 
0   0   0   0   1   0   0   0   1   | 0   | 15  | 0  
0   0   0   0   1   0   0   1   0   | 0   | 15  | 0  
0   0   0   0   1   0   0   1   1   | 0   | 15  | 0  
0   0   0   0   1   0   1   0   0   | 0   | 15  | 0  
0   0   0   0   1   0   1   0   1   | 0   | 15  | 0  
0   0   0   0   1   0   1   1   0   | 0   | 15  | 0  
0   0   0   0   1   0   1   1   1   | 0   | 15  | 0  
0   0   0   0   1   1   0   0   0   | 0   | 15  | 0  
0   0   0   0   1   1   0   0   1   | 0   | 15  | 0  
0   0   0   0   1   1   0   1   0   | 0   | 15  | 0  
0   0   0   0   1   1   0   1   1   | 0   | 15  | 0  
0   0   0   0   1   1   1   0   0   | 0   | 15  | 0  
0   0   0   0   1   1   1   0   1   | 0   | 15  | 0  
0   0   0   0   1   1   1   1   0   | 0   | 15  | 0  
0   0   0   0   1   1   1   1   1   | 0   | 15  | 0  
0   0   0   1   0   0   0   0   0   | 0   | 15  | 15 
0   0   0   1   0   0   0   0   1   | 0   | 15  | 0  
0   0   0   1   0   0   0   1   0   | 0   | 15  | 0  
0   0   0   1   0   0   0   1   1   | 0   | 15  | 0  
0   0   0   1   0   0   1   0   0   | 0   | 15  | 0  
0   0   0   1   0   0   1   0   1   | 0   | 15  | 0  
0   0   0   1   0   0   1   1   0   | 0   | 15  | 0  
0   0   0   1   0   0   1   1   1   | 0   | 15  | 0  
0   0   0   1   0   1   0   0   0   | 0   | 15  | 0  
0   0   0   1   0   1   0   0   1   | 0   | 15  | 0  
0   0   0   1   0   1   0   1   0   | 0   | 15  | 0  
0   0   0   1   0   1   0   1   1   | 0   | 15  | 0  
0   0   0   1   0   1   1   0   0   | 0   | 15  | 0  
0   0   0   1   0   1   1   0   1   | 0   | 15  | 0  
0   0   0   1   0   1   1   1   0   | 0   | 15  | 0  
0   0   0   1   0   1   1   1   1   | 0   | 15  | 0  
0   0   0   1   1   0   0   0   0   | 0   | 15  | 0  
0   0   0   1   1   0   0   0   1   | 0   | 15  | 0  
0   0   0   1   1   0   0   1   0   | 0   | 15  | 0  
0   0   0   1   1   0   0   1   1   | 0   | 15  | 0  
0   0   0   1   1   0   1   0   0   | 0   | 15  | 0  
0   0   0   1   1   0   1   0   1   | 0   | 15  | 0  
0   0   0   1   1   0   1   1   0   | 0   | 15  | 0  
0   0   0   1   1   0   1   1   1   | 0   | 15  | 0  
0   0   0   1   1   1   0   0   0   | 0   | 15  | 0  
0   0   0   1   1   1   0   0   1   | 0   | 15  | 0  
0   0   0   1   1   1   0   1   0   | 0   | 15  | 0  
0   0   0   1   1   1   0   1   1   | 0   | 15  | 0  
0   0   0   1   1   1   1   0   0   | 0   | 15  | 0  
0   0   0   1   1   1   1   0   1   | 0   | 15  | 0  
0   0   0   1   1   1   1   1   0   | 0   | 15  | 0  
0   0   0   1   1   1   1   1   1   | 0   | 15  | 0  
0   0   1   0   0   0   0   0   0   | 0   | 15  | 15 
0   0   1   0   0   0   0   0   1   | 0   | 15  | 0  
0   0   1   0   0   0   0   1   0   | 0   | 15  | 0  
0   0   1   0   0   0   0   1   1   | 0   | 15  | 0  
0   0   1   0   0   0   1   0   0   | 0   | 15  | 0  
0   0   1   0   0   0   1   0   1   | 0   | 15  | 0  
0   0   1   0   0   0   1   1   0   | 0   | 15  | 0  
0   0   1   0   0   0   1   1   1   | 0   | 15  | 0  
0   0   1   0   0   1   0   0   0   | 0   | 15  | 0  
0   0   1   0   0   1   0   0   1   | 0   | 15  | 0  
0   0   1   0   0   1   0   1   0   | 0   | 15  | 0  
0   0   1   0   0   1   0   1   1   | 0   | 15  | 0  
0   0   1   0   0   1   1   0   0   | 0   | 15  | 0  
0   0   1   0   0   1   1   0   1   | 0   | 15  | 0  
0   0   1   0   0   1   1   1   0   | 0   | 15  | 0  
0   0   1   0   0   1   1   1   1   | 0   | 15  | 0  
0   0   1   0   1   0   0   0   0   | 0   | 15  | 0  
0   0   1   0   1   0   0   0   1   | 0   | 15  | 0  
0   0   1   0   1   0   0   1   0   | 0   | 15  | 0  
0   0   1   0   1   0   0   1   1   | 0   | 15  | 0  
0   0   1   0   1   0   1   0   0   | 0   | 15  | 0  
0   0   1   0   1   0   1   0   1   | 0   | 15  | 0  
0   0   1   0   1   0   1   1   0   | 0   | 15  | 0  
0   0   1   0   1   0   1   1   1   | 0   | 15  | 0  
0   0   1   0   1   1   0   0   0   | 0   | 15  | 0  
0   0   1   0   1   1   0   0   1   | 0   | 15  | 0  
0   0   1   0   1   1   0   1   0   | 0   | 15  | 0  
0   0   1   0   1   1   0   1   1   | 0   | 15  | 0  
0   0   1   0   1   1   1   0   0   | 0   | 15  | 0  
0   0   1   0   1   1   1   0   1   | 0   | 15  | 0  
0   0   1   0   1   1   1   1   0   | 0   | 15  | 0  
0   0   1   0   1   1   1   1   1   | 0   | 15  | 0  
0   0   1   1   0   0   0   0   0   | 0   | 15  | 0  
0   0   1   1   0   0   0   0   1   | 0   | 15  | 0  
0   0   1   1   0   0   0   1   0   | 0   | 15  | 0  
0   0   1   1   0   0   0   1   1   | 0   | 15  | 0  
0   0   1   1   0   0   1   0   0   | 0   | 15  | 0  
0   0   1   1   0   0   1   0   1   | 0   | 15  | 0  
0   0   1   1   0   0   1   1   0   | 0   | 15  | 0  
0   0   1   1   0   0   1   1   1   | 0   | 15  | 0  
0   0   1   1   0   1   0   0   0   | 0   | 15  | 0  
0   0   1   1   0   1   0   0   1   | 0   | 15  | 0  
0   0   1   1   0   1   0   1   0   | 0   | 15  | 0  
0   0   1   1   0   1   0   1   1   | 0   | 15  | 0  
0   0   1   1   0   1   1   0   0   | 0   | 15  | 0  
0   0   1   1   0   1   1   0   1   | 0   | 15  | 0  
0   0   1   1   0   1   1   1   0   | 0   | 15  | 0  
0   0   1   1   0   1   1   1   1   | 0   | 15  | 0  
0   0   1   1   1   0   0   0   0   | 0   | 15  | 0  
0   0   1   1   1   0   0   0   1   | 0   | 15  | 0  
0   0   1   1   1   0   0   1   0   | 0   | 15  | 0  
0   0   1   1   1   0   0   1   1   | 0   | 15  | 0  
0   0   1   1   1   0   1   0   0   | 0   | 15  | 0  
0   0   1   1   1   0   1   0   1   | 0   | 15  | 0  
0   0   1   1   1   0   1   1   0   | 0   | 15  | 0  
0   0   1   1   1   0   1   1   1   | 0   | 15  | 0  
0   0   1   1   1   1   0   0   0   | 0   | 15  | 0  
0   0   1   1   1   1   0   0   1   | 0   | 15  | 0  
0   0   1   1   1   1   0   1   0   | 0   | 15  | 0  
0   0   1   1   1   1   0   1   1   | 0   | 15  | 0  
0   0   1   1   1   1   1   0   0   | 0   | 15  | 0  
0   0   1   1   1   1   1   0   1   | 0   | 15  | 0  
0   0   1   1   1   1   1   1   0   | 0   | 15  | 0  
0   0   1   1   1   1   1   1   1   | 0   | 15  | 0  
0   1   0   0   0   0   0   0   0   | 0   | 15  | 15 
0   1   0   0   0   0   0   0   1   | 0   | 15  | 0  
0   1   0   0   0   0   0   1   0   | 0   | 15  | 0  
0   1   0   0   0   0   0   1   1   | 0   | 15  | 0  
0   1   0   0   0   0   1   0   0   | 0   | 15  | 0  
0   1   0   0   0   0   1   0   1   | 0   | 15  | 0  
0   1   0   0   0   0   1   1   0   | 0   | 15  | 0  
0   1   0   0   0   0   1   1   1   | 0   | 15  | 0  
0   1   0   0   0   1   0   0   0   | 0   | 15  | 0  
0   1   0   0   0   1   0   0   1   | 0   | 15  | 0  
0   1   0   0   0   1   0   1   0   | 0   | 15  | 0  
0   1   0   0   0   1   0   1   1   | 0   | 15  | 0  
0   1   0   0   0   1   1   0   0   | 0   | 15  | 0  
0   1   0   0   0   1   1   0   1   | 0   | 15  | 0  
0   1   0   0   0   1   1   1   0   | 0   | 15  | 0  
0   1   0   0   0   1   1   1   1   | 0   | 15  | 0  
0   1   0   0   1   0   0   0   0   | 0   | 15  | 0  
0   1   0   0   1   0   0   0   1   | 0   | 15  | 0  
0   1   0   0   1   0   0   1   0   | 0   | 15  | 0  
0   1   0   0   1   0   0   1   1   | 0   | 15  | 0  
0   1   0   0   1   0   1   0   0   | 0   | 15  | 0  
0   1   0   0   1   0   1   0   1   | 0   | 15  | 0  
0   1   0   0   1   0   1   1   0   | 0   | 15  | 0  
0   1   0   0   1   0   1   1   1   | 0   | 15  | 0  
0   1   0   0   1   1   0   0   0   | 0   | 15  | 0  
0   1   0   0   1   1   0   0   1   | 0   | 15  | 0  
0   1   0   0   1   1   0   1   0   | 0   | 15  | 0  
0   1   0   0   1   1   0   1   1   | 0   | 15  | 0  
0   1   0   0   1   1   1   0   0   | 0   | 15  | 0  
0   1   0   0   1   1   1   0   1   | 0   | 15  | 0  
0   1   0   0   1   1   1   1   0   | 0   | 15  | 0  
0   1   0   0   1   1   1   1   1   | 0   | 15  | 0  
0   1   0   1   0   0   0   0   0   | 0   | 15  | 0  
0   1   0   1   0   0   0   0   1   | 0   | 15  | 0  
0   1   0   1   0   0   0   1   0   | 0   | 15  | 0  
0   1   0   1   0   0   0   1   1   | 0   | 15  | 0  
0   1   0   1   0   0   1   0   0   | 0   | 15  | 0  
0   1   0   1   0   0   1   0   1   | 0   | 15  | 0  
0   1   0   1   0   0   1   1   0   | 0   | 15  | 0  
0   1   0   1   0   0   1   1   1   | 0   | 15  | 0  
0   1   0   1   0   1   0   0   0   | 0   | 15  | 0  
0   1   0   1   0   1   0   0   1   | 0   | 15  | 0  
0   1   0   1   0   1   0   1   0   | 0   | 15  | 0  
0   1   0   1   0   1   0   1   1   | 0   | 15  | 0  
0   1   0   1   0   1   1   0   0   | 0   | 15  | 0  
0   1   0   1   0   1   1   0   1   | 0   | 15  | 0  
0   1   0   1   0   1   1   1   0   | 0   | 15  | 0  
0   1   0   1   0   1   1   1   1   | 0   | 15  | 0  
0   1   0   1   1   0   0   0   0   | 0   | 15  | 0  
0   1   0   1   1   0   0   0   1   | 0   | 15  | 0  
0   1   0   1   1   0   0   1   0   | 0   | 15  | 0  
0   1   0   1   1   0   0   1   1   | 0   | 15  | 0  
0   1   0   1   1   0   1   0   0   | 0   | 15  | 0  
0   1   0   1   1   0   1   0   1   | 0   | 15  | 0  
0   1   0   1   1   0   1   1   0   | 0   | 15  | 0  
0   1   0   1   1   0   1   1   1   | 0   | 15  | 0  
0   1   0   1   1   1   0   0   0   | 0   | 15  | 0  
0   1   0   1   1   1   0   0   1   | 0   | 15  | 0  
0   1   0   1   1   1   0   1   0   | 0   | 15  | 0  
0   1   0   1   1   1   0   1   1   | 0   | 15  | 0  
0   1   0   1   1   1   1   0   0   | 0   | 15  | 0  
0   1   0   1   1   1   1   0   1   | 0   | 15  | 0  
0   1   0   1   1   1   1   1   0   | 0   | 15  | 0  
0   1   0   1   1   1   1   1   1   | 0   | 15  | 0  
0   1   1   0   0   0   0   0   0   | 0   | 15  | 0  
0   1   1   0   0   0   0   0   1   | 0   | 15  | 0  
0   1   1   0   0   0   0   1   0   | 0   | 15  | 0  
0   1   1   0   0   0   0   1   1   | 0   | 15  | 0  
0   1   1   0   0   0   1   0   0   | 0   | 15  | 0  
0   1   1   0   0   0   1   0   1   | 0   | 15  | 0  
0   1   1   0   0   0   1   1   0   | 0   | 15  | 0  
0   1   1   0   0   0   1   1   1   | 0   | 15  | 0  
0   1   1   0   0   1   0   0   0   | 0   | 15  | 0  
0   1   1   0   0   1   0   0   1   | 0   | 15  | 0  
0   1   1   0   0   1   0   1   0   | 0   | 15  | 0  
0   1   1   0   0   1   0   1   1   | 0   | 15  | 0  
0   1   1   0   0   1   1   0   0   | 0   | 15  | 0  
0   1   1   0   0   1   1   0   1   | 0   | 15  | 0  
0   1   1   0   0   1   1   1   0   | 0   | 15  | 0  
0   1   1   0   0   1   1   1   1   | 0   | 15  | 0  
0   1   1   0   1   0   0   0   0   | 0   | 15  | 0  
0   1   1   0   1   0   0   0   1   | 0   | 15  | 0  
0   1   1   0   1   0   0   1   0   | 0   | 15  | 0  
0   1   1   0   1   0   0   1   1   | 0   | 15  | 0  
0   1   1   0   1   0   1   0   0   | 0   | 15  | 0  
0   1   1   0   1   0   1   0   1   | 0   | 15  | 0  
0   1   1   0   1   0   1   1   0   | 0   | 15  | 0  
0   1   1   0   1   0   1   1   1   | 0   | 15  | 0  
0   1   1   0   1   1   0   0   0   | 0   | 15  | 0  
0   1   1   0   1   1   0   0   1   | 0   | 15  | 0  
0   1   1   0   1   1   0   1   0   | 0   | 15  | 0  
0   1   1   0   1   1   0   1   1   | 0   | 15  | 0  
0   1   1   0   1   1   1   0   0   | 0   | 15  | 0  
0   1   1   0   1   1   1   0   1   | 0   | 15  | 0  
0   1   1   0   1   1   1   1   0   | 0   | 15  | 0  
0   1   1   0   1   1   1   1   1   | 0   | 15  | 0  
0   1   1   1   0   0   0   0   0   | 0   | 15  | 0  
0   1   1   1   0   0   0   0   1   | 0   | 15  | 0  
0   1   1   1   0   0   0   1   0   | 0   | 15  | 0  
0   1   1   1   0   0   0   1   1   | 0   | 15  | 0  
0   1   1   1   0   0   1   0   0   | 0   | 15  | 0  
0   1   1   1   0   0   1   0   1   | 0   | 15  | 0  
0   1   1   1   0   0   1   1   0   | 0   | 15  | 0  
0   1   1   1   0   0   1   1   1   | 0   | 15  | 0  
0   1   1   1   0   1   0   0   0   | 0   | 15  | 0  
0   1   1   1   0   1   0   0   1   | 0   | 15  | 0  
0   1   1   1   0   1   0   1   0   | 0   | 15  | 0  
0   1   1   1   0   1   0   1   1   | 0   | 15  | 0  
0   1   1   1   0   1   1   0   0   | 0   | 15  | 0  
0   1   1   1   0   1   1   0   1   | 0   | 15  | 0  
0   1   1   1   0   1   1   1   0   | 0   | 15  | 0  
0   1   1   1   0   1   1   1   1   | 0   | 15  | 0  
0   1   1   1   1   0   0   0   0   | 0   | 15  | 0  
0   1   1   1   1   0   0   0   1   | 0   | 15  | 0  
0   1   1   1   1   0   0   1   0   | 0   | 15  | 0  
0   1   1   1   1   0   0   1   1   | 0   | 15  | 0  
0   1   1   1   1   0   1   0   0   | 0   | 15  | 0  
0   1   1   1   1   0   1   0   1   | 0   | 15  | 0  
0   1   1   1   1   0   1   1   0   | 0   | 15  | 0  
0   1   1   1   1   0   1   1   1   | 0   | 15  | 0  
0   1   1   1   1   1   0   0   0   | 0   | 15  | 0  
0   1   1   1   1   1   0   0   1   | 0   | 15  | 0  
0   1   1   1   1   1   0   1   0   | 0   | 15  | 0  
0   1   1   1   1   1   0   1   1   | 0   | 15  | 0  
0   1   1   1   1   1   1   0   0   | 0   | 15  | 0  
0   1   1   1   1   1   1   0   1   | 0   | 15  | 0  
0   1   1   1   1   1   1   1   0   | 0   | 15  | 0  
0   1   1   1   1   1   1   1   1   | 0   | 15  | 0  
1   0   0   0   0   0   0   0   0   | 0   | 15  | 15 
1   0   0   0   0   0   0   0   1   | 0   | 15  | 0  
1   0   0   0   0   0   0   1   0   | 0   | 15  | 0  
1   0   0   0   0   0   0   1   1   | 0   | 15  | 0  
1   0   0   0   0   0   1   0   0   | 0   | 15  | 0  
1   0   0   0   0   0   1   0   1   | 0   | 15  | 0  
1   0   0   0   0   0   1   1   0   | 0   | 15  | 0  
1   0   0   0   0   0   1   1   1   | 0   | 15  | 0  
1   0   0   0   0   1   0   0   0   | 0   | 15  | 0  
1   0   0   0   0   1   0   0   1   | 0   | 15  | 0  
1   0   0   0   0   1   0   1   0   | 0   | 15  | 0  
1   0   0   0   0   1   0   1   1   | 0   | 15  | 0  
1   0   0   0   0   1   1   0   0   | 0   | 15  | 0  
1   0   0   0   0   1   1   0   1   | 0   | 15  | 0  
1   0   0   0   0   1   1   1   0   | 0   | 15  | 0  
1   0   0   0   0   1   1   1   1   | 0   | 15  | 0  
1   0   0   0   1   0   0   0   0   | 0   | 15  | 0  
1   0   0   0   1   0   0   0   1   | 0   | 15  | 0  
1   0   0   0   1   0   0   1   0   | 0   | 15  | 0  
1   0   0   0   1   0   0   1   1   | 0   | 15  | 0  
1   0   0   0   1   0   1   0   0   | 0   | 15  | 0  
1   0   0   0   1   0   1   0   1   | 0   | 15  | 0  
1   0   0   0   1   0   1   1   0   | 0   | 15  | 0  
1   0   0   0   1   0   1   1   1   | 0   | 15  | 0  
1   0   0   0   1   1   0   0   0   | 0   | 15  | 0  
1   0   0   0   1   1   0   0   1   | 0   | 15  | 0  
1   0   0   0   1   1   0   1   0   | 0   | 15  | 0  
1   0   0   0   1   1   0   1   1   | 0   | 15  | 0  
1   0   0   0   1   1   1   0   0   | 0   | 15  | 0  
1   0   0   0   1   1   1   0   1   | 0   | 15  | 0  
1   0   0   0   1   1   1   1   0   | 0   | 15  | 0  
1   0   0   0   1   1   1   1   1   | 0   | 15  | 0  
1   0   0   1   0   0   0   0   0   | 0   | 15  | 0  
1   0   0   1   0   0   0   0   1   | 0   | 15  | 0  
1   0   0   1   0   0   0   1   0   | 0   | 15  | 0  
1   0   0   1   0   0   0   1   1   | 0   | 15  | 0  
1   0   0   1   0   0   1   0   0   | 0   | 15  | 0  
1   0   0   1   0   0   1   0   1   | 0   | 15  | 0  
1   0   0   1   0   0   1   1   0   | 0   | 15  | 0  
1   0   0   1   0   0   1   1   1   | 0   | 15  | 0  
1   0   0   1   0   1   0   0   0   | 0   | 15  | 0  
1   0   0   1   0   1   0   0   1   | 0   | 15  | 0  
1   0   0   1   0   1   0   1   0   | 0   | 15  | 0  
1   0   0   1   0   1   0   1   1   | 0   | 15  | 0  
1   0   0   1   0   1   1   0   0   | 0   | 15  | 0  
1   0   0   1   0   1   1   0   1   | 0   | 15  | 0  
1   0   0   1   0   1   1   1   0   | 0   | 15  | 0  
1   0   0   1   0   1   1   1   1   | 0   | 15  | 0  
1   0   0   1   1   0   0   0   0   | 0   | 15  | 0  
1   0   0   1   1   0   0   0   1   | 0   | 15  | 0  
1   0   0   1   1   0   0   1   0   | 0   | 15  | 0  
1   0   0   1   1   0   0   1   1   | 0   | 15  | 0  
1   0   0   1   1   0   1   0   0   | 0   | 15  | 0  
1   0   0   1   1   0   1   0   1   | 0   | 15  | 0  
1   0   0   1   1   0   1   1   0   | 0   | 15  | 0  
1   0   0   1   1   0   1   1   1   | 0   | 15  | 0  
1   0   0   1   1   1   0   0   0   | 0   | 15  | 0  
1   0   0   1   1   1   0   0   1   | 0   | 15  | 0  
1   0   0   1   1   1   0   1   0   | 0   | 15  | 0  
1   0   0   1   1   1   0   1   1   | 0   | 15  | 0  
1   0   0   1   1   1   1   0   0   | 0   | 15  | 0  
1   0   0   1   1   1   1   0   1   | 0   | 15  | 0  
1   0   0   1   1   1   1   1   0   | 0   | 15  | 0  
1   0   0   1   1   1   1   1   1   | 0   | 15  | 0  
1   0   1   0   0   0   0   0   0   | 0   | 15  | 0  
1   0   1   0   0   0   0   0   1   | 0   | 15  | 0  
1   0   1   0   0   0   0   1   0   | 0   | 15  | 0  
1   0   1   0   0   0   0   1   1   | 0   | 15  | 0  
1   0   1   0   0   0   1   0   0   | 0   | 15  | 0  
1   0   1   0   0   0   1   0   1   | 0   | 15  | 0  
1   0   1   0   0   0   1   1   0   | 0   | 15  | 0  
1   0   1   0   0   0   1   1   1   | 0   | 15  | 0  
1   0   1   0   0   1   0   0   0   | 0   | 15  | 0  
1   0   1   0   0   1   0   0   1   | 0   | 15  | 0  
1   0   1   0   0   1   0   1   0   | 0   | 15  | 0  
1   0   1   0   0   1   0   1   1   | 0   | 15  | 0  
1   0   1   0   0   1   1   0   0   | 0   | 15  | 0  
1   0   1   0   0   1   1   0   1   | 0   | 15  | 0  
1   0   1   0   0   1   1   1   0   | 0   | 15  | 0  
1   0   1   0   0   1   1   1   1   | 0   | 15  | 0  
1   0   1   0   1   0   0   0   0   | 0   | 15  | 0  
1   0   1   0   1   0   0   0   1   | 0   | 15  | 0  
1   0   1   0   1   0   0   1   0   | 0   | 15  | 0  
1   0   1   0   1   0   0   1   1   | 0   | 15  | 0  
1   0   1   0   1   0   1   0   0   | 0   | 15  | 0  
1   0   1   0   1   0   1   0   1   | 0   | 15  | 0  
1   0   1   0   1   0   1   1   0   | 0   | 15  | 0  
1   0   1   0   1   0   1   1   1   | 0   | 15  | 0  
1   0   1   0   1   1   0   0   0   | 0   | 15  | 0  
1   0   1   0   1   1   0   0   1   | 0   | 15  | 0  
1   0   1   0   1   1   0   1   0   | 0   | 15  | 0  
1   0   1   0   1   1   0   1   1   | 0   | 15  | 0  
1   0   1   0   1   1   1   0   0   | 0   | 15  | 0  
1   0   1   0   1   1   1   0   1   | 0   | 15  | 0  
1   0   1   0   1   1   1   1   0   | 0   | 15  | 0  
1   0   1   0   1   1   1   1   1   | 0   | 15  | 0  
1   0   1   1   0   0   0   0   0   | 0   | 15  | 0  
1   0   1   1   0   0   0   0   1   | 0   | 15  | 0  
1   0   1   1   0   0   0   1   0   | 0   | 15  | 0  
1   0   1   1   0   0   0   1   1   | 0   | 15  | 0  
1   0   1   1   0   0   1   0   0   | 0   | 15  | 0  
1   0   1   1   0   0   1   0   1   | 0   | 15  | 0  
1   0   1   1   0   0   1   1   0   | 0   | 15  | 0  
1   0   1   1   0   0   1   1   1   | 0   | 15  | 0  
1   0   1   1   0   1   0   0   0   | 0   | 15  | 0  
1   0   1   1   0   1   0   0   1   | 0   | 15  | 0  
1   0   1   1   0   1   0   1   0   | 0   | 15  | 0  
1   0   1   1   0   1   0   1   1   | 0   | 15  | 0  
1   0   1   1   0   1   1   0   0   | 0   | 15  | 0  
1   0   1   1   0   1   1   0   1   | 0   | 15  | 0  
1   0   1   1   0   1   1   1   0   | 0   | 15  | 0  
1   0   1   1   0   1   1   1   1   | 0   | 15  | 0  
1   0   1   1   1   0   0   0   0   | 0   | 15  | 0  
1   0   1   1   1   0   0   0   1   | 0   | 15  | 0  
1   0   1   1   1   0   0   1   0   | 0   | 15  | 0  
1   0   1   1   1   0   0   1   1   | 0   | 15  | 0  
1   0   1   1   1   0   1   0   0   | 0   | 15  | 0  
1   0   1   1   1   0   1   0   1   | 0   | 15  | 0  
1   0   1   1   1   0   1   1   0   | 0   | 15  | 0  
1   0   1   1   1   0   1   1   1   | 0   | 15  | 0  
1   0   1   1   1   1   0   0   0   | 0   | 15  | 0  
1   0   1   1   1   1   0   0   1   | 0   | 15  | 0  
1   0   1   1   1   1   0   1   0   | 0   | 15  | 0  
1   0   1   1   1   1   0   1   1   | 0   | 15  | 0  
1   0   1   1   1   1   1   0   0   | 0   | 15  | 0  
1   0   1   1   1   1   1   0   1   | 0   | 15  | 0  
1   0   1   1   1   1   1   1   0   | 0   | 15  | 0  
1   0   1   1   1   1   1   1   1   | 0   | 15  | 0  
1   1   0   0   0   0   0   0   0   | 0   | 15  | 0  
1   1   0   0   0   0   0   0   1   | 0   | 15  | 0  
1   1   0   0   0   0   0   1   0   | 0   | 15  | 0  
1   1   0   0   0   0   0   1   1   | 0   | 15  | 0  
1   1   0   0   0   0   1   0   0   | 0   | 15  | 0  
1   1   0   0   0   0   1   0   1   | 0   | 15  | 0  
1   1   0   0   0   0   1   1   0   | 0   | 15  | 0  
1   1   0   0   0   0   1   1   1   | 0   | 15  | 0  
1   1   0   0   0   1   0   0   0   | 0   | 15  | 0  
1   1   0   0   0   1   0   0   1   | 0   | 15  | 0  
1   1   0   0   0   1   0   1   0   | 0   | 15  | 0  
1   1   0   0   0   1   0   1   1   | 0   | 15  | 0  
1   1   0   0   0   1   1   0   0   | 0   | 15  | 0  
1   1   0   0   0   1   1   0   1   | 0   | 15  | 0  
1   1   0   0   0   1   1   1   0   | 0   | 15  | 0  
1   1   0   0   0   1   1   1   1   | 0   | 15  | 0  
1   1   0   0   1   0   0   0   0   | 0   | 15  | 0  
1   1   0   0   1   0   0   0   1   | 0   | 15  | 0  
1   1   0   0   1   0   0   1   0   | 0   | 15  | 0  
1   1   0   0   1   0   0   1   1   | 0   | 15  | 0  
1   1   0   0   1   0   1   0   0   | 0   | 15  | 0  
1   1   0   0   1   0   1   0   1   | 0   | 15  | 0  
1   1   0   0   1   0   1   1   0   | 0   | 15  | 0  
1   1   0   0   1   0   1   1   1   | 0   | 15  | 0  
1   1   0   0   1   1   0   0   0   | 0   | 15  | 0  
1   1   0   0   1   1   0   0   1   | 0   | 15  | 0  
1   1   0   0   1   1   0   1   0   | 0   | 15  | 0  
1   1   0   0   1   1   0   1   1   | 0   | 15  | 0  
1   1   0   0   1   1   1   0   0   | 0   | 15  | 0  
1   1   0   0   1   1   1   0   1   | 0   | 15  | 0  
1   1   0   0   1   1   1   1   0   | 0   | 15  | 0  
1   1   0   0   1   1   1   1   1   | 0   | 15  | 0  
1   1   0   1   0   0   0   0   0   | 0   | 15  | 0  
1   1   0   1   0   0   0   0   1   | 0   | 15  | 0  
1   1   0   1   0   0   0   1   0   | 0   | 15  | 0  
1   1   0   1   0   0   0   1   1   | 0   | 15  | 0  
1   1   0   1   0   0   1   0   0   | 0   | 15  | 0  
1   1   0   1   0   0   1   0   1   | 0   | 15  | 0  
1   1   0   1   0   0   1   1   0   | 0   | 15  | 0  
1   1   0   1   0   0   1   1   1   | 0   | 15  | 0  
1   1   0   1   0   1   0   0   0   | 0   | 15  | 0  
1   1   0   1   0   1   0   0   1   | 0   | 15  | 0  
1   1   0   1   0   1   0   1   0   | 0   | 15  | 0  
1   1   0   1   0   1   0   1   1   | 0   | 15  | 0  
1   1   0   1   0   1   1   0   0   | 0   | 15  | 0  
1   1   0   1   0   1   1   0   1   | 0   | 15  | 0  
1   1   0   1   0   1   1   1   0   | 0   | 15  | 0  
1   1   0   1   0   1   1   1   1   | 0   | 15  | 0  
1   1   0   1   1   0   0   0   0   | 0   | 15  | 0  
1   1   0   1   1   0   0   0   1   | 0   | 15  | 0  
1   1   0   1   1   0   0   1   0   | 0   | 15  | 0  
1   1   0   1   1   0   0   1   1   | 0   | 15  | 0  
1   1   0   1   1   0   1   0   0   | 0   | 15  | 0  
1   1   0   1   1   0   1   0   1   | 0   | 15  | 0  
1   1   0   1   1   0   1   1   0   | 0   | 15  | 0  
1   1   0   1   1   0   1   1   1   | 0   | 15  | 0  
1   1   0   1   1   1   0   0   0   | 0   | 15  | 0  
1   1   0   1   1   1   0   0   1   | 0   | 15  | 0  
1   1   0   1   1   1   0   1   0   | 0   | 15  | 0  
1   1   0   1   1   1   0   1   1   | 0   | 15  | 0  
1   1   0   1   1   1   1   0   0   | 0   | 15  | 0  
1   1   0   1   1   1   1   0   1   | 0   | 15  | 0  
1   1   0   1   1   1   1   1   0   | 0   | 15  | 0  
1   1   0   1   1   1   1   1   1   | 0   | 15  | 0  
1   1   1   0   0   0   0   0   0   | 0   | 15  | 0  
1   1   1   0   0   0   0   0   1   | 0   | 15  | 0  
1   1   1   0   0   0   0   1   0   | 0   | 15  | 0  
1   1   1   0   0   0   0   1   1   | 0   | 15  | 0  
1   1   1   0   0   0   1   0   0   | 0   | 15  | 0  
1   1   1   0   0   0   1   0   1   | 0   | 15  | 0  
1   1   1   0   0   0   1   1   0   | 0   | 15  | 0  
1   1   1   0   0   0   1   1   1   | 0   | 15  | 0  
1   1   1   0   0   1   0   0   0   | 0   | 15  | 0  
1   1   1   0   0   1   0   0   1   | 0   | 15  | 0  
1   1   1   0   0   1   0   1   0   | 0   | 15  | 0  
1   1   1   0   0   1   0   1   1   | 0   | 15  | 0  
1   1   1   0   0   1   1   0   0   | 0   | 15  | 0  
1   1   1   0   0   1   1   0   1   | 0   | 15  | 0  
1   1   1   0   0   1   1   1   0   | 0   | 15  | 0  
1   1   1   0   0   1   1   1   1   | 0   | 15  | 0  
1   1   1   0   1   0   0   0   0   | 0   | 15  | 0  
1   1   1   0   1   0   0   0   1   | 0   | 15  | 0  
1   1   1   0   1   0   0   1   0   | 0   | 15  | 0  
1   1   1   0   1   0   0   1   1   | 0   | 15  | 0  
1   1   1   0   1   0   1   0   0   | 0   | 15  | 0  
1   1   1   0   1   0   1   0   1   | 0   | 15  | 0  
1   1   1   0   1   0   1   1   0   | 0   | 15  | 0  
1   1   1   0   1   0   1   1   1   | 0   | 15  | 0  
1   1   1   0   1   1   0   0   0   | 0   | 15  | 0  
1   1   1   0   1   1   0   0   1   | 0   | 15  | 0  
1   1   1   0   1   1   0   1   0   | 0   | 15  | 0  
1   1   1   0   1   1   0   1   1   | 0   | 15  | 0  
1   1   1   0   1   1   1   0   0   | 0   | 15  | 0  
1   1   1   0   1   1   1   0   1   | 0   | 15  | 0  
1   1   1   0   1   1   1   1   0   | 0   | 15  | 0  
1   1   1   0   1   1   1   1   1   | 0   | 15  | 0  
1   1   1   1   0   0   0   0   0   | 0   | 15  | 0  
1   1   1   1   0   0   0   0   1   | 0   | 15  | 0  
1   1   1   1   0   0   0   1   0   | 0   | 15  | 0  
1   1   1   1   0   0   0   1   1   | 0   | 15  | 0  
1   1   1   1   0   0   1   0   0   | 0   | 15  | 0  
1   1   1   1   0   0   1   0   1   | 0   | 15  | 0  
1   1   1   1   0   0   1   1   0   | 0   | 15  | 0  
1   1   1   1   0   0   1   1   1   | 0   | 15  | 0  
1   1   1   1   0   1   0   0   0   | 0   | 15  | 0  
1   1   1   1   0   1   0   0   1   | 0   | 15  | 0  
1   1   1   1   0   1   0   1   0   | 0   | 15  | 0  
1   1   1   1   0   1   0   1   1   | 0   | 15  | 0  
1   1   1   1   0   1   1   0   0   | 0   | 15  | 0  
1   1   1   1   0   1   1   0   1   | 0   | 15  | 0  
1   1   1   1   0   1   1   1   0   | 0   | 15  | 0  
1   1   1   1   0   1   1   1   1   | 0   | 15  | 0  
1   1   1   1   1   0   0   0   0   | 0   | 15  | 0  
1   1   1   1   1   0   0   0   1   | 0   | 15  | 0  
1   1   1   1   1   0   0   1   0   | 0   | 15  | 0  
1   1   1   1   1   0   0   1   1   | 0   | 15  | 0  
1   1   1   1   1   0   1   0   0   | 0   | 15  | 0  
1   1   1   1   1   0   1   0   1   | 0   | 15  | 0  
1   1   1   1   1   0   1   1   0   | 0   | 15  | 0  
1   1   1   1   1   0   1   1   1   | 0   | 15  | 0  
1   1   1   1   1   1   0   0   0   | 0   | 15  | 0  
1   1   1   1   1   1   0   0   1   | 0   | 15  | 0  
1   1   1   1   1   1   0   1   0   | 0   | 15  | 0  
1   1   1   1   1   1   0   1   1   | 0   | 15  | 0  
1   1   1   1   1   1   1   0   0   | 0   | 15  | 0  
1   1   1   1   1   1   1   0   1   | 0   | 15  | 0  
1   1   1   1   1   1   1   1   0   | 0   | 15  | 0  
1   1   1   1   1   1   1   1   1   | 15  | 15  | 0  

